5055.706164601785
5055.706164601785
5054.616574299951
5008.268982743349
5008.268982743349
5002.271584972006
5002.271584972006
4918.4656177414645
4918.4656177414645
4918.4656177414645
4918.4656177414645
4915.207584561023
4881.361515922432
4881.361515922432
4881.361515922432
4881.361515922432
4881.361515922432
4881.358754457704
4839.6457191289
4839.6457191289
4812.8278785105595
4809.759763270824
4737.705748053723
4737.705748053723
4715.1879415429485
4715.1879415429485
4715.1879415429485
4715.1879415429485
4714.630826537528
4714.630826537528
4671.787613319746
4671.205026637855
4671.205026637855
4671.205026637855
4671.205026637855
4640.191555483657
4640.191555483657
4640.191555483657
4640.191555483657
4589.880691498023
4579.999790471363
4579.999790471363
4507.019906091711
4507.019906091711
4507.019906091711
4507.019906091711
4507.019906091711
4505.770090022514
4459.0294892854545
4459.0294892854545
4459.0294892854545
4457.784023043271
4457.784023043271
4457.784023043271
4457.784023043271
4457.784023043271
4457.784023043271
4457.784023043271
4389.379896902579
4389.379896902579
4389.379896902579
4358.276213187581
4304.061248201606
4289.284743430727
4282.516587540779
4282.516587540779
4282.516587540779
4241.137552836597
4241.137552836597
4239.998458768545
4196.74599364335
4173.742046549297
4172.741388461907
4171.79758774958
4171.79758774958
4171.79758774958
4171.79758774958
4171.79758774958
4171.79758774958
4171.79758774958
4163.411212717504
4163.411212717504
4163.411212717504
4159.675347362836
4154.195304877301
4154.195304877301
4154.195304877301
4149.6137892424285
4149.6137892424285
4132.4343501085095
4132.4343501085095
4132.4343501085095
4132.4343501085095
4132.4343501085095
4132.4343501085095
4067.104773436153
4067.104773436153
4067.104773436153
4067.104773436153
4067.104773436153
4067.104773436153
4067.104773436153
4067.104773436153
4067.104773436153
4067.104773436153
4036.491958629999
4036.491958629999
4036.491958629999
4028.1391874289097
4020.6284145663435
4020.6284145663435
4006.4892158077505
4006.4892158077505
4006.4892158077505
4006.4892158077505
4006.4892158077505
4006.4892158077505
4006.4892158077505
4006.4892158077505
4006.4892158077505
4006.4892158077505
3995.290604258524
3995.290604258524
3995.290604258524
3995.290604258524
3943.7695397885786
3939.4917938938665
3939.4917938938665
3939.4917938938665
3918.025499995017
3891.964097717337
3891.964097717337
3891.964097717337
3891.964097717337
3891.964097717337
3891.964097717337
3891.964097717337
3891.964097717337
3890.2169023116026
3890.2169023116026
3889.5416202695433
3889.5416202695433
3889.5416202695433
3889.5416202695433
3889.5416202695433
3889.5416202695433
3889.5416202695433
3886.275463834547
3886.275463834547
3886.275463834547
3886.275463834547
3871.3560712660196
3871.3560712660196
3829.717435196689
3829.717435196689
3829.717435196689
3829.717435196689
3829.717435196689
3829.717435196689
3829.717435196689
3825.1714174154617
3786.408973722306
3786.408973722306
3768.027205272547
3768.027205272547
3768.027205272547
3768.027205272547
3768.027205272547
3768.027205272547
3761.561929821061
3761.561929821061
3761.561929821061
3761.561929821061
3761.561929821061
3741.003215033064
3741.003215033064
3741.003215033064
3739.348449699997
3739.348449699997
3739.348449699997
3724.4981550719367
3724.4981550719367
3724.4981550719367
3688.8279670162883
3683.3338019168714
3683.3338019168714
3683.3338019168714
3678.168482731183
3678.168482731183
3678.168482731183
3615.2029658197494
3615.2029658197494
3600.986393215376
3600.986393215376
3600.986393215376
3600.986393215376
3600.986393215376
3592.588645382157
3592.588645382157
3592.588645382157
3557.4356357514657
3557.4356357514657
3557.4356357514657
3557.4356357514657
3557.4356357514657
3557.4356357514657
3557.4356357514657
3557.2104109083443
3557.2104109083443
3535.3730148843138
3535.3730148843138
3462.5321524286405
3462.5321524286405
3462.5321524286405
3462.5321524286405
3462.5321524286405
3462.5321524286405
3455.9086881068292
3455.9086881068292
3455.9086881068292
3455.9086881068292
3455.9086881068292
3455.9086881068292
3455.9086881068292
3427.4564378167074
3427.4564378167074
3427.4564378167074
3427.4564378167074
3427.4564378167074
3427.4564378167074
3427.4564378167074
3427.4564378167074
3382.170128287535
3362.9926802650284
3362.9926802650284
3362.9926802650284
3362.9926802650284
3362.9926802650284
3362.9926802650284
3358.9244167290367
3306.0185512754147
3306.0185512754147
3306.0185512754147
3299.441621052702
3299.441621052702
3283.4175356563737
3241.5681908048714
3241.5681908048714
3241.5681908048714
3241.5681908048714
3241.5681908048714
3241.5681908048714
3241.5681908048714
3241.5681908048714
3241.5681908048714
3207.098713738826
3207.098713738826
3207.098713738826
3207.098713738826
3188.3698445478244
3188.3698445478244
3188.3698445478244
3188.3698445478244
3188.3698445478244
3188.3698445478244
3188.3698445478244
3188.3698445478244
3188.3698445478244
3188.3698445478244
3188.3698445478244
3161.970029074476
3161.970029074476
3161.970029074476
3161.970029074476
3161.970029074476
3161.970029074476
3161.970029074476
3152.0107882057177
3152.0107882057177
3152.0107882057177
3152.0107882057177
3144.501919930749
3120.5518985097947
3077.633427435746
3077.633427435746
3077.633427435746
3077.633427435746
3077.633427435746
3077.633427435746
3077.633427435746
3068.749767195068
3068.749767195068
3068.749767195068
3055.541562094975
3055.541562094975
3055.541562094975
3040.748907147587
3040.748907147587
3028.869009606848
3028.869009606848
3028.869009606848
3028.869009606848
3028.869009606848
3028.869009606848
3028.869009606848
3028.869009606848
3028.869009606848
3028.869009606848
3009.4418436520236
3009.4418436520236
3009.4418436520236
3009.4418436520236
3009.4418436520236
2990.9515593983606
2990.9515593983606
2990.9515593983606
2990.9515593983606
2990.9515593983606
2990.9515593983606
2990.9515593983606
2990.9515593983606
2955.412431559686
2926.867037391446
2926.867037391446
2926.867037391446
2926.867037391446
2926.867037391446
2926.867037391446
2891.744517959227
2891.744517959227
2882.5516005068826
2882.5516005068826
2870.659129582872
2870.659129582872
2870.659129582872
2869.5597947802385
2869.5597947802385
2869.5597947802385
2869.5597947802385
2869.5597947802385
2863.3656569558275
2863.3656569558275
2863.3656569558275
2863.3656569558275
2845.344781368867
2845.344781368867
2845.344781368867
2845.344781368867
2845.344781368867
2845.344781368867
2833.7429584665156
2833.7429584665156
2833.7429584665156
2833.7429584665156
2833.7429584665156
2833.7429584665156
2833.7429584665147
2833.7429584665147
2833.7429584665147
2833.7429584665147
2833.7429584665147
2833.7429584665147
2833.7429584665147
2833.7429584665147
2833.7429584665147
2833.7429584665147
2833.7429584665147
2833.7429584665147
2833.7429584665147
2833.7429584665147
2833.7429584665147
2833.7429584665147
2833.7429584665147
2833.7429584665147
2833.7429584665147
2833.7429584665147
2833.7429584665147
2833.7429584665147
2833.7429584665147
2833.7429584665147
2833.7429584665147
2833.7429584665147
2833.7429584665147
2833.7429584665147
2833.7429584665147
2824.254992914219
2824.254992914219
2824.254992914219
2824.254992914219
2824.254992914219
2824.254992914219
2824.254992914219
2824.254992914219
2824.254992914219
2806.8961478421434
2806.8961478421434
2790.670528462196
2790.670528462196
2790.670528462196
2790.670528462196
2790.670528462196
2790.670528462196
2790.670528462196
2790.670528462196
2790.670528462196
2790.670528462196
2790.670528462196
2790.670528462196
2790.670528462196
2790.670528462196
2790.670528462196
2790.670528462196
2790.670528462196
2790.670528462196
2790.670528462196
2790.670528462196
2790.670528462196
2790.670528462196
2790.670528462196
2790.670528462196
2790.670528462196
2790.670528462196
2790.670528462196
2790.670528462196
2790.670528462196
2790.670528462196
2790.670528462196
2790.670528462196
2790.670528462196
2790.670528462196
2790.621205570498
2790.621205570498
2790.621205570498
2790.621205570498
2790.621205570498
2790.621205570498
2790.621205570498
2790.621205570498
2783.8100392146303
2783.8100392146303
2782.8263504169563
2782.8263504169563
2782.8263504169563
2782.8263504169563
2782.8263504169563
2763.5799406119277
2763.5799406119277
2763.5799406119277
2763.5799406119277
2763.5799406119277
2763.5799406119277
2763.5799406119277
2763.5799406119277
2763.5799406119277
2744.414768365423
2744.414768365423
2744.414768365423
2729.4909942347526
2729.4909942347526
2729.4909942347526
2729.4909942347526
2729.4909942347526
2729.4909942347526
2729.4909942347526
2729.4909942347526
2729.4909942347526
2729.4909942347526
2729.4909942347526
2729.4909942347526
2729.4909942347526
2729.4909942347526
2729.4909942347526
2729.4909942347526
2729.4909942347526
2729.4909942347526
2729.4909942347526
2729.4909942347526
2729.4909942347526
2729.4909942347526
2729.4909942347526
2729.4909942347526
2729.4909942347526
2729.4909942347526
2729.4909942347526
2721.8315868419336
2694.8114994796606
2694.8114994796606
2654.6189212016243
2654.6189212016243
2654.6189212016243
2654.6189212016243
2654.6189212016243
2654.6189212016243
2654.6189212016243
2654.6189212016243
2654.6189212016243
2654.6189212016243
2654.6189212016243
2654.6189212016243
2654.6189212016243
2654.6189212016243
2654.6189212016243
2654.6189212016243
2654.6189212016243
2654.6189212016243
2647.7733011390164
2647.7733011390164
2647.7733011390164
2633.57214077976
2633.57214077976
2633.57214077976
2633.57214077976
2633.57214077976
2633.57214077976
2633.57214077976
2633.57214077976
2633.57214077976
2633.57214077976
2633.57214077976
2633.57214077976
2621.9254137511534
2621.9254137511534
2621.9254137511534
2621.9254137511534
2621.9254137511534
2621.9254137511534
2621.9254137511534
2614.5917601432257
2614.5917601432257
2592.755019518588
2592.755019518588
2592.755019518588
2592.755019518588
2592.755019518588
2592.755019518588
2592.755019518588
2592.755019518588
2592.755019518588
2592.755019518588
2592.755019518588
2592.755019518588
2584.8179107783703
2584.8179107783703
2584.8179107783703
2584.8179107783703
2584.8179107783703
2537.5892968320045
2537.5892968320045
2537.5892968320045
2537.5892968320045
2537.5892968320045
2537.5892968320045
2537.5892968320045
2537.5892968320045
2537.5892968320045
2537.5892968320045
2537.5892968320045
2530.4901350083064
2530.4901350083064
2530.4901350083064
2530.4901350083064
2530.4901350083064
2530.4901350083064
2530.4901350083064
2530.4901350083064
2530.4901350083064
2530.4901350083064
2530.4901350083064
2492.1412030843358
2492.1412030843358
2492.1412030843358
2486.4963867684955
2486.4963867684955
2486.4963867684955
2486.4963867684955
2486.4963867684955
2486.4963867684955
2486.4963867684955
2486.4963867684955
2486.4963867684955
2486.4963867684955
2486.4963867684955
2486.4963867684955
2486.4963867684955
2486.4963867684955
2486.4963867684955
2460.5331817771325
2460.5331817771325
2460.5331817771325
2456.7234851025464
2432.454566100765
2432.454566100765
2432.454566100765
2432.454566100765
2432.454566100765
2432.454566100765
2432.454566100765
2432.454566100765
2432.454566100765
2432.454566100765
2432.454566100765
2432.454566100765
2432.454566100765
2432.454566100765
2432.454566100765
2432.454566100765
2432.454566100765
2432.0204022246476
2432.0204022246476
2432.0204022246476
2432.0204022246476
2432.0204022246476
2432.0204022246476
2430.5414389920143
2430.5414389920143
2430.5414389920143
2430.5414389920143
2430.5414389920143
2430.5414389920143
2430.5414389920143
2430.5414389920143
2430.5414389920143
2430.5414389920143
2430.5414389920143
2430.5414389920143
2430.5414389920143
2430.5414389920143
2430.5414389920143
2392.461611783263
2392.461611783263
2392.461611783263
2392.461611783263
2392.461611783263
2392.461611783263
2392.461611783263
2392.461611783263
2392.461611783263
2392.461611783263
2392.461611783263
2392.461611783263
2392.461611783263
2392.461611783263
2392.461611783263
2392.461611783263
2392.461611783263
2392.461611783263
2392.461611783263
2392.461611783263
2348.1531703441533
2348.1531703441533
2348.1531703441533
2348.1531703441533
2348.1531703441533
2348.1531703441533
2348.1531703441533
2348.1531703441533
2348.1531703441533
2348.1531703441533
2348.1531703441533
2348.1531703441533
2348.1531703441533
2348.1531703441533
2348.1531703441533
2348.1531703441533
2348.1531703441533
2348.1531703441533
2348.1531703441533
2348.1531703441533
2348.1531703441533
2348.1531703441533
2348.1531703441533
2348.1531703441533
2304.845009406056
2304.845009406056
2304.845009406056
2304.845009406056
2304.845009406056
2304.845009406056
2304.845009406056
2293.2442398439707
2293.2442398439707
2293.2442398439707
2293.2442398439707
2293.2442398439707
2293.2442398439707
2293.2442398439707
2293.2442398439707
2293.2442398439707
2293.2442398439707
2293.2442398439707
2293.2442398439707
2293.2442398439707
2293.2442398439707
2293.2442398439707
2293.2442398439707
2293.2442398439707
2293.2442398439707
2293.2442398439707
2293.2442398439707
2293.2442398439707
2293.2442398439707
2293.2442398439707
2293.2442398439707
2293.2442398439707
2293.2442398439707
2293.2442398439707
2293.2442398439707
2293.2442398439707
2293.2442398439707
2272.3109559849263
2272.3109559849263
2272.3109559849263
2272.3109559849263
2272.3109559849263
2272.3109559849263
2272.3109559849263
2272.3109559849263
2272.3109559849263
2266.441104359656
2266.441104359656
2266.441104359656
2266.441104359656
2266.441104359656
2266.441104359656
2266.441104359656
2266.441104359656
2266.441104359656
2266.441104359656
2266.441104359656
2266.441104359656
2266.441104359656
2262.922852556688
2262.922852556688
2262.922852556688
2262.922852556688
2262.571084617122
2262.571084617122
2239.493061015269
2239.493061015269
2239.493061015269
2239.493061015269
2206.5036386969246
2206.5036386969246
2206.5036386969246
2206.5036386969246
2206.5036386969246
2206.5036386969246
2206.5036386969246
2206.5036386969246
2203.0410645694233
2200.8923852559487
2200.8923852559487
2199.8414465830215
2199.8414465830215
2199.8414465830215
2199.8414465830215
2199.8414465830215
2199.8414465830215
2199.8414465830215
2199.8414465830215
2199.8414465830215
2197.2372816697493
2197.2372816697493
2195.3016896205577
2195.3016896205577
2195.3016896205577
2195.3016896205577
2195.3016896205577
2195.3016896205577
2195.3016896205577
2195.3016896205577
2195.3016896205577
2195.3016896205577
2195.3016896205577
2195.3016896205577
2192.925214522044
2192.925214522044
2192.925214522044
2192.925214522044
2192.925214522044
2192.925214522044
2192.925214522044
2192.925214522044
2192.925214522044
2192.925214522044
2192.925214522044
2192.925214522044
2192.925214522044
2192.925214522044
2192.925214522044
2192.925214522044
2192.925214522044
2192.925214522044
2192.925214522044
2192.0659274478076
2192.0659274478076
2192.0659274478076
2192.0659274478076
2165.688464533822
2165.688464533822
2165.688464533822
2165.688464533822
2165.688464533822
2165.688464533822
2165.688464533822
2165.688464533822
2165.688464533822
2165.688464533822
2165.688464533822
2165.688464533822
2165.688464533822
2157.53496826582
2157.53496826582
2157.53496826582
2157.53496826582
2157.53496826582
2157.53496826582
2157.53496826582
2157.53496826582
2157.53496826582
2154.562985054755
2152.6409630486824
2152.6409630486824
2152.6409630486824
2152.6409630486824
2152.6409630486824
2152.6409630486824
2152.6409630486824
2152.6409630486824
2152.6409630486824
2150.0474483588578
2150.0474483588578
2150.0474483588578
2150.0474483588578
2132.398368620931
2132.398368620931
2132.398368620931
2132.398368620931
2132.398368620931
2132.398368620931
2132.398368620931
2132.398368620931
2132.398368620931
2132.398368620931
2132.398368620931
2126.599167484993
2126.599167484993
2126.599167484993
2126.599167484993
2121.259179623891
2121.259179623891
2121.259179623891
2121.259179623891
2121.259179623891
2121.259179623891
2121.259179623891
2121.259179623891
2121.259179623891
2121.259179623891
2111.906126268762
2111.906126268762
2111.906126268762
2111.906126268762
2111.906126268762
2111.906126268762
2111.906126268762
2111.906126268762
2111.906126268762
2111.906126268762
2111.906126268762
2111.906126268762
2111.906126268762
2111.906126268762
2111.906126268762
2111.906126268762
2111.906126268762
2111.906126268762
2111.906126268762
2111.906126268762
2111.906126268762
2080.0966687182286
2080.0966687182286
2080.0966687182286
2080.0966687182286
2080.0966687182286
2080.0966687182286
2080.0966687182286
2080.0966687182286
2080.0966687182286
2080.0966687182286
2080.0966687182286
2080.0966687182286
2080.0966687182286
2080.0966687182286
2080.0966687182286
2080.0966687182286
2071.100068871658
2071.100068871658
2071.100068871658
2071.100068871658
2071.100068871658
2040.949129295986
2040.949129295986
2040.949129295986
2040.949129295986
2040.949129295986
2040.949129295986
2040.949129295986
2040.949129295986
2040.949129295986
2040.949129295986
2040.949129295986
2040.949129295986
2040.949129295986
2040.949129295986
2040.949129295986
2040.949129295986
2040.949129295986
2040.949129295986
2040.949129295986
2040.949129295986
2040.949129295986
2040.949129295986
2040.949129295986
2040.949129295986
2040.949129295986
2040.949129295986
2040.949129295986
2040.949129295986
2040.949129295986
2040.949129295986
2040.949129295986
2040.949129295986
2040.949129295986
2040.949129295986
2040.949129295986
2040.949129295986
2040.949129295986
2040.949129295986
2040.949129295986
2040.949129295986
2040.949129295986
2040.949129295986
2040.949129295986
2040.949129295986
2040.949129295986
2040.949129295986
2018.1021255183448
2018.1021255183448
2018.1021255183448
2018.1021255183448
2018.1021255183448
2018.1021255183448
2018.1021255183448
2018.1021255183448
2018.1021255183448
2018.1021255183448
2018.1021255183448
2018.1021255183448
2018.1021255183448
2018.1021255183448
2018.1021255183448
2018.1021255183448
2018.1021255183448
2018.1021255183448
1987.213203317953
1987.213203317953
1987.213203317953
1987.213203317953
1987.213203317953
1987.213203317953
1987.213203317953
1987.213203317953
1987.213203317953
1986.639074144973
1984.000135631844
1984.000135631844
1984.000135631844
1981.4278583539576
1981.4278583539576
1981.4278583539576
1981.4278583539576
1981.4278583539576
1981.4278583539576
1981.4278583539576
1981.4278583539576
1981.4278583539576
1981.4278583539576
1981.4278583539576
1981.4278583539576
1981.4278583539576
1981.4278583539576
1981.4278583539576
1981.4278583539576
1981.3527909344657
1981.3527909344657
1981.3527909344657
1981.3527909344657
1981.3527909344657
1981.3527909344657
1981.3527909344657
1981.3527909344657
1981.3527909344657
1981.3527909344657
1975.1955051642371
1975.1955051642371
1960.274973806589
1960.274973806589
1960.274973806589
1960.274973806589
1960.274973806589
1960.274973806589
1945.961794375864
1945.961794375864
1945.961794375864
1945.961794375864
1945.961794375864
1945.961794375864
1945.961794375864
1945.961794375864
1945.961794375864
1945.961794375864
1945.961794375864
1929.8659620430424
1929.8659620430424
1929.8659620430424
1929.8659620430424
1929.8659620430424
1929.8659620430424
1929.8659620430424
1929.8659620430424
1929.8659620430424
1929.8659620430424
1929.8659620430424
1929.8659620430424
1929.8659620430424
1929.8659620430424
1929.8659620430424
1929.8659620430424
1928.8357032389931
1928.8357032389931
1927.2335488714825
1927.2335488714825
1927.2335488714825
1927.2335488714825
1927.2335488714825
1927.2335488714825
1927.2335488714825
1907.8194374404352
1907.8194374404352
1907.8194374404352
1907.8194374404352
1907.8194374404352
1907.8194374404352
1907.8194374404352
1907.8194374404352
1907.8194374404352
1907.8194374404352
1907.8194374404352
1907.8194374404352
1907.8194374404352
1907.8194374404352
1907.8194374404352
1907.8194374404352
1907.8194374404352
1907.8194374404352
1907.8194374404352
1907.8194374404352
1907.8194374404352
1907.8194374404352
1907.8194374404352
1907.8194374404352
1907.8194374404352
1907.8194374404352
1907.8194374404352
1907.8194374404352
1907.8194374404352
1907.8194374404352
1907.8194374404352
1907.8194374404352
1907.8194374404352
1907.8194374404352
1907.8194374404352
1907.8194374404352
1907.8194374404352
1907.8194374404352
1907.8194374404352
1902.5996488560895
1902.5996488560895
1902.5996488560895
1902.5996488560895
1902.5996488560895
1902.5996488560895
1902.5996488560895
1902.5996488560895
1902.5996488560895
1902.5996488560895
1902.5996488560895
1902.5996488560895
1902.5996488560895
1902.5996488560895
1902.5996488560895
1902.5996488560895
1902.5996488560895
1902.5996488560895
1902.5996488560895
1902.5996488560895
1902.5996488560895
1893.5038758883616
1893.5038758883616
1893.5038758883616
1893.5038758883616
1893.5038758883616
1893.5038758883616
1876.7704259081338
1876.7704259081338
1876.7704259081338
1876.7704259081338
1876.7704259081338
1876.7704259081338
1876.7704259081338
1876.7704259081338
1876.7704259081338
1876.7704259081338
1876.7704259081338
1876.7704259081338
1876.7704259081338
1860.6639225428278
1860.6639225428278
1860.6639225428278
1860.6639225428278
1860.6639225428278
1860.6639225428278
1860.6639225428278
1860.6639225428278
1860.6639225428278
1860.6639225428278
1860.6639225428278
1860.6639225428278
1860.6639225428278
1845.7168960898953
1845.7168960898953
1845.7168960898953
1845.7168960898953
1845.7168960898953
1845.7168960898953
1845.7168960898953
1845.7168960898953
1845.7168960898953
1845.7168960898953
1829.6361232361653
1829.6361232361653
1829.6361232361653
1829.6361232361653
1829.6361232361653
1829.6361232361653
1829.6361232361653
1829.6361232361653
1829.6361232361653
1829.6361232361653
1829.6361232361653
1829.6361232361653
1829.6361232361653
1829.6361232361653
1829.6361232361653
1829.6361232361653
1829.6361232361653
1829.6361232361653
1829.6361232361653
1819.6043148486535
1819.6043148486535
1819.6043148486535
1819.6043148486535
1819.6043148486535
1819.6043148486535
1819.6043148486535
1819.6043148486535
1819.6043148486535
1819.6043148486535
1819.6043148486535
1819.6043148486535
1819.6043148486535
1819.6043148486535
1819.6043148486535
1819.6043148486535
1819.6043148486535
1819.6043148486535
1819.6043148486535
1819.6043148486535
1819.6043148486535
1819.6043148486535
1819.6043148486535
1819.6043148486535
1819.6043148486535
1819.6043148486535
1819.6043148486535
1819.6043148486535
1819.6043148486535
1819.6043148486535
1819.6043148486535
1819.6043148486535
1819.6043148486535
1819.6043148486535
1817.556566368706
1809.6572920049869
1809.6572920049869
1809.6572920049869
1809.6572920049869
1809.6572920049869
1809.6572920049869
1809.6572920049869
1809.6572920049869
1809.6572920049869
1809.6572920049869
1809.6572920049869
1809.6572920049869
1809.6572920049869
1809.33912163412
1809.33912163412
1809.33912163412
1809.33912163412
1809.33912163412
1799.9555559441094
1799.9555559441094
1799.9555559441094
1799.9555559441094
1799.9555559441094
1799.9555559441094
1799.9555559441094
1799.9555559441094
1770.5069866510275
1770.5069866510275
1770.5069866510275
1770.5069866510275
1770.5069866510275
1770.5069866510275
1770.5069866510275
1770.5069866510275
1770.5069866510275
1770.5069866510275
1770.5069866510275
1770.5069866510275
1770.5069866510275
1770.5069866510275
1770.5069866510275
1770.5069866510275
1770.5069866510275
1770.5069866510275
1770.5069866510275
1770.5069866510275
1768.6506677701493
1768.6506677701493
1768.6506677701493
1768.6506677701493
1768.6506677701493
1768.6506677701493
1768.6506677701493
1759.83225377877
1750.6292390011822
1750.6292390011822
1750.6292390011822
1750.6292390011822
1750.6292390011822
1750.6292390011822
1750.6292390011822
1750.6292390011822
1750.6292390011822
1750.6292390011822
1750.6292390011822
1750.6292390011822
1750.6292390011822
1750.6292390011822
1750.6292390011822
1750.6292390011822
1750.6292390011822
1750.6292390011822
1750.6292390011822
1750.6292390011822
1750.6292390011822
1750.6292390011822
1750.6292390011822
1750.6292390011822
1750.6292390011822
1750.6292390011822
1750.6292390011822
1750.6292390011822
1750.6292390011822
1750.6292390011822
1750.6292390011822
1750.1147226399285
1750.1147226399285
1750.1147226399285
1750.1147226399285
1750.1147226399285
1750.1147226399285
1750.1147226399285
1750.1147226399285
1750.1147226399285
1750.1147226399285
1749.145804414444
1749.145804414444
1749.145804414444
1749.145804414444
1749.145804414444
1749.145804414444
1749.145804414444
1749.145804414444
1749.145804414444
1749.145804414444
1749.145804414444
1749.145804414444
1749.145804414444
1749.145804414444
1749.145804414444
1749.145804414444
1749.145804414444
1749.145804414444
1749.145804414444
1749.145804414444
1749.145804414444
1749.145804414444
1749.145804414444
1749.145804414444
1749.145804414444
1749.145804414444
1744.843229805054
1744.843229805054
1744.843229805054
1744.843229805054
1744.843229805054
1744.843229805054
1744.843229805054
1744.843229805054
1744.843229805054
1744.843229805054
1739.1038407622198
1739.1038407622198
1739.1038407622198
1739.1038407622198
1739.1038407622198
1739.1038407622198
1738.4969947300417
1738.4969947300417
1738.4969947300417
1738.4969947300417
1738.4969947300417
1738.4969947300417
1738.4969947300417
1738.4969947300417
1738.4969947300417
1738.4969947300417
1738.4969947300417
1738.4969947300417
1738.4969947300417
1738.4969947300417
1738.4969947300417
1738.4969947300417
1738.4969947300417
1738.4969947300417
1738.4969947300417
1738.3815602937555
1738.3815602937555
1738.3815602937555
1738.3815602937555
1738.3815602937555
1738.3815602937555
1738.3815602937555
1738.3815602937555
1738.3815602937555
1738.3815602937555
1738.3815602937555
1738.3815602937555
1738.3815602937555
1738.3815602937555
1738.3815602937555
1738.3815602937555
1738.3815602937555
1738.3815602937555
1738.3815602937555
1738.3815602937555
1738.3815602937555
1738.3815602937555
1738.3815602937555
1738.3815602937555
1738.3815602937555
1738.3815602937555
1738.3815602937555
1738.3815602937555
1738.3815602937555
1738.3815602937555
1738.3815602937555
1738.3815602937555
1738.3815602937555
1738.3815602937555
1738.3815602937555
1738.3815602937555
1738.3815602937555
1738.3815602937555
1738.3815602937555
1738.3815602937555
1738.3815602937555
1738.3815602937555
1738.3815602937555
1738.3815602937555
1738.3815602937555
1738.3815602937555
1738.3815602937555
1738.3815602937555
1738.3815602937555
1738.3815602937555
1738.3815602937555
1738.3815602937555
1738.3815602937555
1738.3815602937555
1738.3815602937555
1738.3815602937555
1738.3815602937555
1738.3815602937555
1738.3815602937555
1738.3815602937555
1738.3815602937555
1738.3815602937555
1738.3815602937555
1738.3815602937555
1738.3815602937555
1738.3815602937555
1738.3815602937555
1738.3815602937555
1738.3815602937555
1738.3815602937555
1738.3815602937555
1738.3815602937555
1738.3815602937555
1738.3815602937555
1738.3815602937555
1738.3815602937555
1738.3815602937555
1738.3815602937555
1738.3815602937555
1738.3815602937555
1738.3815602937555
1738.3815602937555
1738.3815602937555
1738.3815602937555
1738.3815602937555
1738.3815602937555
1738.3815602937555
1738.3815602937555
1738.3815602937555
1738.3815602937555
1738.3815602937555
1738.3815602937555
1738.3815602937555
1738.3815602937555
1738.3815602937555
1738.3815602937555
1729.6696253714547
1729.6696253714547
1729.6696253714547
1729.6696253714547
1729.6696253714547
1729.6696253714547
1729.6696253714547
1729.6696253714547
1729.6696253714547
1729.6696253714547
1729.6696253714547
1729.6696253714547
1729.6696253714547
1729.6696253714547
1729.6696253714547
1729.6696253714547
1729.6696253714547
1729.6696253714547
1729.6696253714547
1729.6696253714547
1729.6696253714547
1729.6696253714547
1729.6696253714547
1729.6696253714547
1729.6696253714547
1729.6696253714547
1729.6696253714547
1729.6696253714547
1729.6696253714547
1729.6696253714547
1729.6696253714547
1729.6696253714547
1729.6696253714547
1729.6696253714547
1729.6696253714547
1729.6696253714547
1729.6696253714547
1729.6696253714547
1729.6696253714547
1729.6696253714547
1729.6696253714547
1729.6696253714547
1729.6696253714547
1729.6696253714547
1729.6696253714547
1729.6696253714547
1729.6696253714547
1729.6696253714547
1729.6696253714547
1729.6696253714547
1729.6696253714547
1729.6696253714547
1729.6696253714547
1720.2586751792376
1720.2586751792376
1720.2586751792376
1720.2586751792376
1720.2586751792376
1720.2586751792376
1720.2586751792376
1720.2586751792376
1720.2586751792376
1720.2586751792376
1720.2586751792376
1720.2586751792376
1720.2586751792376
1703.5359564526857
1703.5359564526857
1703.5359564526857
1703.5359564526857
1703.5359564526857
1703.5359564526857
1702.0295096779341
1702.0295096779341
1702.0295096779341
1702.0295096779341
1702.0295096779341
1702.0295096779341
1702.0295096779341
1702.0295096779341
1702.0295096779341
1702.0295096779341
1702.0295096779341
1702.0295096779341
1702.0295096779341
1702.0295096779341
1702.0295096779341
1702.0295096779341
1702.0295096779341
1702.0295096779341
1702.0295096779341
1702.0295096779341
1702.0295096779341
1702.0295096779341
1702.0295096779341
1702.0295096779341
1702.0295096779341
1702.0295096779341
1702.0295096779341
1702.0295096779341
1702.0295096779341
1702.0295096779341
1702.0295096779341
1697.5066479314842
1697.5066479314842
1697.5066479314842
1697.5066479314842
1697.5066479314842
1697.5066479314842
1697.5066479314842
1697.5066479314842
1697.5066479314842
1697.5066479314842
1697.5066479314842
1697.5066479314842
1697.5066479314842
1697.5066479314842
1697.5066479314842
1697.5066479314842
1697.5066479314842
1697.5066479314842
1697.5066479314842
1697.5066479314842
1697.5066479314842
1697.5066479314842
1697.5066479314842
1697.5066479314842
1697.5066479314842
1697.5066479314842
1697.5066479314842
1697.5066479314842
1697.5066479314842
1697.5066479314842
1681.9326246501787
1681.9326246501787
1681.9326246501787
1681.9326246501787
1681.9326246501787
1681.9326246501787
1681.9326246501787
1681.9326246501787
1681.9326246501787
1681.9326246501787
1681.9326246501787
1681.9326246501787
1681.9326246501787
1681.9326246501787
1681.9326246501787
1681.9326246501787
1681.9326246501787
1681.9326246501787
1681.9326246501787
1681.9326246501787
1681.9326246501787
1681.9326246501787
1681.9326246501787
1681.9326246501787
1681.9326246501787
1681.9326246501787
1681.9326246501787
1681.9326246501787
1681.9326246501787
1681.9326246501787
1681.9326246501787
1681.9326246501787
1681.9326246501787
1681.9326246501787
1681.9326246501787
1681.9326246501787
1681.9326246501787
1681.025085973703
1681.025085973703
1681.025085973703
1681.025085973703
1681.025085973703
1681.025085973703
1681.025085973703
1681.025085973703
1681.025085973703
1681.025085973703
1681.025085973703
1681.025085973703
1681.025085973703
1681.025085973703
1681.025085973703
1681.025085973703
1681.025085973703
1681.025085973703
1681.025085973703
1681.025085973703
1681.025085973703
1681.025085973703
1681.025085973703
1681.025085973703
1681.025085973703
1681.025085973703
1681.025085973703
1681.025085973703
1681.025085973703
1681.025085973703
1681.025085973703
1681.025085973703
1681.025085973703
1681.025085973703
1681.025085973703
1681.025085973703
1666.9033281141365
1666.9033281141365
1666.9033281141365
1666.9033281141365
1666.9033281141365
1666.9033281141365
1666.9033281141365
1663.1149706751764
1663.1149706751764
1663.1149706751764
1663.1149706751764
1663.1149706751764
1663.1149706751764
1663.1149706751764
1663.1149706751764
1663.1149706751764
1663.1149706751764
1663.1149706751764
1663.1149706751764
1663.1149706751764
1663.1149706751764
1663.1149706751764
1663.1149706751764
1663.1149706751764
1663.1149706751764
1663.1149706751764
1663.1149706751764
1663.1149706751764
1663.1149706751764
1663.1149706751764
1663.1149706751764
1663.1149706751764
1663.1149706751764
1663.1149706751764
1663.1149706751764
1663.1149706751764
1663.1149706751764
1663.1149706751764
1663.1149706751764
1663.1149706751764
1663.1149706751764
1663.1149706751764
1663.1149706751764
1663.1149706751764
1663.1149706751764
1663.1149706751764
1663.1149706751764
1663.1149706751764
1663.1149706751764
1663.1149706751764
1663.1149706751764
1663.1149706751764
1663.1149706751764
1663.1149706751764
1663.1149706751764
1663.1149706751764
1663.1149706751764
1663.1149706751764
1663.1149706751764
1663.1149706751764
1663.1149706751764
1663.1149706751764
1663.1149706751764
1652.0823345554727
1652.0823345554727
1652.0823345554727
1652.0823345554727
1652.0823345554727
1652.0823345554727
1652.0823345554727
1652.0823345554727
1652.0823345554727
1652.0823345554727
1652.0823345554727
1652.0823345554727
1652.0823345554727
1652.0823345554727
1652.0823345554727
1652.0823345554727
1652.0823345554727
1652.0823345554727
1652.0823345554727
1649.6218754545089
1635.1449812614999
1607.7462769941944
1607.7462769941944
1607.7462769941944
1607.7462769941944
1607.7462769941944
1606.1631933336118
1606.1631933336118
1606.1631933336118
1606.1631933336118
1606.1631933336118
1606.1631933336118
1606.1631933336118
1606.1631933336118
1588.954396519353
1588.954396519353
1588.954396519353
1588.954396519353
1588.954396519353
1588.954396519353
1588.954396519353
1588.954396519353
1588.954396519353
1588.954396519353
1588.954396519353
1588.954396519353
1588.954396519353
1588.954396519353
1576.163982107836
1576.163982107836
1576.163982107836
1576.163982107836
1576.163982107836
1576.163982107836
1576.163982107836
1576.163982107836
1576.163982107836
1576.163982107836
1576.163982107836
1576.163982107836
1576.163982107836
1576.163982107836
1576.163982107836
1576.163982107836
1576.163982107836
1576.163982107836
1576.163982107836
1576.163982107836
1576.163982107836
1576.163982107836
1576.163982107836
1576.163982107836
1576.163982107836
1552.537962901368
1552.537962901368
1552.537962901368
1552.537962901368
1552.537962901368
1552.537962901368
1552.537962901368
1552.537962901368
1552.537962901368
1552.537962901368
1552.537962901368
1552.537962901368
1552.537962901368
1552.537962901368
1552.537962901368
1552.537962901368
1552.537962901368
1552.537962901368
1552.537962901368
1552.537962901368
1552.537962901368
1552.537962901368
1552.537962901368
1552.537962901368
1552.537962901368
1552.537962901368
1552.537962901368
1552.537962901368
1552.537962901368
1552.537962901368
1552.537962901368
1552.537962901368
1552.537962901368
1552.537962901368
1552.537962901368
1552.537962901368
1552.537962901368
1552.537962901368
1552.537962901368
1552.537962901368
1552.537962901368
1552.537962901368
1552.537962901368
1552.537962901368
1552.537962901368
1552.537962901368
1552.537962901368
1552.537962901368
1552.537962901368
1552.537962901368
1552.537962901368
1552.537962901368
1552.537962901368
1552.537962901368
1552.537962901368
1552.537962901368
1552.537962901368
1552.537962901368
1552.537962901368
1552.537962901368
1552.537962901368
1552.537962901368
1552.537962901368
1552.537962901368
1552.537962901368
1552.537962901368
1552.537962901368
1552.537962901368
1552.537962901368
1552.537962901368
1552.537962901368
1552.537962901368
1552.537962901368
1552.537962901368
1552.537962901368
1552.537962901368
1552.537962901368
1552.537962901368
1552.537962901368
1552.537962901368
1552.537962901368
1552.537962901368
1552.537962901368
1552.537962901368
1552.537962901368
1552.537962901368
1552.537962901368
1552.537962901368
1552.537962901368
1552.537962901368
1552.537962901368
1552.537962901368
1552.537962901368
1552.537962901368
1552.537962901368
1552.537962901368
1552.537962901368
1552.537962901368
1552.537962901368
1552.537962901368
1552.537962901368
